25 0.526652 0.147727 0.268657 0.159091 0.272545
45 0.813433 0.887784 0.36887 0.224432 0.273387
60 0.54371 0.511364 0.0767591 0.0852273 0.310292
56 0.541578 0.663352 0.0682303 0.269886 0.352256
45 0.242004 0.921875 0.458422 0.15625 0.403539
0 0.969083 0.194602 0.0405117 0.122159 0.415913
40 0.720682 0.856534 0.17484 0.275568 0.58229
25 0.312367 0.0823864 0.624733 0.159091 0.676892
0 0.444563 0.366477 0.142857 0.25 0.741919
0 0.528785 0.365057 0.0767591 0.150568 0.748689
0 0.275053 0.482955 0.545842 0.914773 0.921063
0 0.782516 0.447443 0.434968 0.866477 0.933228
