17 0.534929 0.515625 0.112549 0.214844
17 0.100906 0.448242 0.201811 0.173828
17 0.443079 0.548828 0.210867 0.332031
17 0.205045 0.585938 0.410091 0.433594
17 0.668176 0.545898 0.205692 0.263672
17 0.534929 0.515625 0.112549 0.214844
17 0.100906 0.448242 0.201811 0.173828
17 0.443079 0.548828 0.210867 0.332031
17 0.205045 0.585938 0.410091 0.433594
17 0.668176 0.545898 0.205692 0.263672
17 0.534929 0.515625 0.112549 0.214844
17 0.100906 0.448242 0.201811 0.173828
17 0.443079 0.548828 0.210867 0.332031
17 0.205045 0.585938 0.410091 0.433594
17 0.668176 0.545898 0.205692 0.263672
17 0.534929 0.515625 0.112549 0.214844
17 0.100906 0.448242 0.201811 0.173828
17 0.443079 0.548828 0.210867 0.332031
17 0.205045 0.585938 0.410091 0.433594
17 0.668176 0.545898 0.205692 0.263672
17 0.534929 0.515625 0.112549 0.214844
17 0.100906 0.448242 0.201811 0.173828
17 0.443079 0.548828 0.210867 0.332031
17 0.205045 0.585938 0.410091 0.433594
17 0.668176 0.545898 0.205692 0.263672
17 0.534929 0.515625 0.112549 0.214844
17 0.100906 0.448242 0.201811 0.173828
17 0.443079 0.548828 0.210867 0.332031
17 0.205045 0.585938 0.410091 0.433594
17 0.668176 0.545898 0.205692 0.263672
