0 0.698537 0.307705 0.0845734 0.172288 0.259495
0 0.139633 0.582176 0.077381 0.174272 0.280047
0 0.715774 0.440476 0.0853175 0.240741 0.285914
0 0.821925 0.307705 0.0739087 0.14914 0.304989
27 0.259053 0.713128 0.0136409 0.0525794 0.305062
0 0.55692 0.435516 0.093502 0.248677 0.322458
0 0.640625 0.424769 0.077877 0.217262 0.336035
0 0.444568 0.578704 0.0969742 0.185185 0.347229
0 0.465526 0.435351 0.102679 0.266865 0.348289
0 0.319816 0.446098 0.0751488 0.214286 0.358912
0 0.2438 0.456184 0.0808532 0.220569 0.366173
0 0.673239 0.599868 0.0806052 0.248016 0.378566
0 0.531498 0.605489 0.0843254 0.25 0.404022
0 0.391493 0.440476 0.0721726 0.220238 0.41512
0 0.791791 0.438327 0.0860615 0.249008 0.458701
0 0.952753 0.573247 0.0850694 0.188161 0.47662
0 0.863715 0.432044 0.0791171 0.241733 0.493872
0 0.320064 0.740079 0.0910218 0.344577 0.504871
0 0.229291 0.57953 0.093502 0.198082 0.505286
0 0.730283 0.724372 0.103423 0.297288 0.525545
0 0.932788 0.435681 0.0858135 0.229167 0.52576
0 0.873636 0.562169 0.0691964 0.167328 0.531363
0 0.806176 0.568618 0.0895337 0.186177 0.569649
0 0.603919 0.562831 0.0714286 0.179894 0.625086
0 0.155382 0.460813 0.0910218 0.243056 0.625543
0 0.797867 0.724041 0.124008 0.297288 0.661407
0 0.5625 0.738426 0.0922619 0.287698 0.669165
0 0.403646 0.73793 0.100446 0.301918 0.717855
0 0.924603 0.719577 0.148313 0.303571 0.746806
0 0.166419 0.742394 0.0868056 0.29828 0.746813
0 0.632192 0.730655 0.112599 0.301257 0.748782
0 0.249504 0.744709 0.0952381 0.326058 0.759469
0 0.491815 0.750827 0.125496 0.321098 0.819699
0 0.0756448 0.738095 0.12996 0.312169 0.838995
